image: map_f.pgm
resolution: 0.050000
origin: [-1.752709, -3.813647, 0.000000]
negate: 0
occupied_thresh: 0.65
free_thresh: 0.196

